[30777, 22423, 51204, 64928, 61867, 11155, 5264, 64128, 9998,
 9998, 8600, 74809, 40866, 72812, 18316, 18316, 39153, 60625, 
36016, 39093, 19102, 19102, 19102, 95079, 26404]

[30777, 22423, 51204, 64928, 61867, 11155, 5264, 64128, 9998
, 9998, 8600, 74809, 40866, 72812, 18316, 18316, 39153, 60625, 
36016, 39093, 19102, 19102, 38204, 95079, 26404]

[0]
[0]
[0]
[0]
[0]
[0]
[0]
[0]
[55644]
[55644]
[55644]
[55644, 0]
[55644, 0]
[55644, 0]
[55644, 0]
[55644, 16144]
[55644, 67100]
[55644, 67100]
[55644, 67100]
[55644, 67100]
[55644, 67100, 0]
[55644, 67100, 0]
[55644, 67100, 42503]
[55644, 67100, 42503]
[55644, 67100, 42503, 0]
[55644, 67100, 42503, 0]
[55644, 67100, 42503, 58541]
[55644, 67100, 42503, 58541]
[55644, 67100, 42503, 58541]
[55644, 67100, 42503, 58541]
[55644, 67100, 42503, 160150]
[55644, 67100, 42503, 160150]
[55644, 67100, 42503, 160150, 0]
[55644, 67100, 42503, 160150, 0]
[55644, 67100, 42503, 160150, 207528]
[55644, 67100, 42503, 160150, 246071]
[55644, 67100, 42503, 160150, 246071]
[55644, 67100, 42503, 160150, 352408]
[55644, 67100, 42503, 160150, 654609]
[55644, 67100, 42503, 160150, 654609]
[55644, 67100, 42503, 160150, 829824]
[55644, 67100, 42503, 160150, 829824]
[55644, 67100, 42503, 160150, 829824, 0]
[55644, 67100, 42503, 160150, 829824, 0]
[55644, 67100, 42503, 160150, 829824, 252091]
[307735, 319191, 294594, 412241, 1081915]
[307735, 319191, 294594, 412241, 1081915, 0]
[307735, 319191, 294594, 412241, 1081915, 0]
[307735, 319191, 294594, 412241, 1081915, 155681]
[307735, 319191, 294594, 412241, 1081915, 374873]
[682608, 694064, 669467, 787114, 1456788]
[682608, 694064, 669467, 787114, 1456788, 0]
[682608, 694064, 669467, 787114, 1456788, 0]
[682608, 694064, 669467, 787114, 1456788, 0]
[682608, 694064, 669467, 787114, 1456788, 0]
[682608, 694064, 669467, 787114, 1456788, 0, 0]
[682608, 694064, 669467, 787114, 1456788, 0, 0]
[682608, 694064, 669467, 787114, 1456788, 0, 242263]
[924871, 936327, 911730, 1029377, 1699051, 242263]
[924871, 936327, 911730, 1029377, 1699051, 242263, 0]
[924871, 936327, 911730, 1029377, 1699051, 242263, 0]
[924871, 936327, 911730, 1029377, 1699051, 242263, 228044]
[1152915, 1164371, 1139774, 1257421, 1927095, 470307]
[1623222, 1634678, 1610081, 1727728, 2397402]
[4020624, 4032080, 4007483, 4125130]
[4020624, 4032080, 4007483, 4125130, 0]
[4020624, 4032080, 4007483, 4125130, 0]
[4020624, 4032080, 4007483, 4125130, 30777]
[4051401, 4062857, 4038260, 4155907]
[4051401, 4062857, 4038260, 4155907, 0]
[4051401, 4062857, 4038260, 4155907, 0]
[4051401, 4062857, 4038260, 4155907, 276602]
[4051401, 4062857, 4038260, 4155907, 276602]
[4051401, 4062857, 4038260, 4155907, 581691]
[4051401, 4062857, 4038260, 4155907, 581691, 0]
[4051401, 4062857, 4038260, 4155907, 581691, 0]
[4051401, 4062857, 4038260, 4155907, 581691, 155253]
[4206654, 4218110, 4193513, 4311160, 736944]
[4943598, 4955054, 4930457, 5048104]
[4943598, 4955054, 4930457, 5048104, 0]
[4943598, 4955054, 4930457, 5048104, 0]
[4943598, 4955054, 4930457, 5048104, 22423]
[4966021, 4977477, 4952880, 5070527]
[10036548, 10048004, 10023407]
[20059955, 20071411]
[20059955, 20071411, 0]
[20059955, 20071411, 0]
[20059955, 20071411, 189296]
[20059955, 20071411, 189296]
[20059955, 20071411, 189296]
[20059955, 20071411, 394690]
[20059955, 20071411, 394690, 0]
[20059955, 20071411, 394690, 0]
[20059955, 20071411, 394690, 239152]
[20059955, 20071411, 394690, 239152]
[20059955, 20071411, 394690, 278460]
[20059955, 20071411, 394690, 489776]
[20059955, 20071411, 394690, 489776]
[20059955, 20071411, 394690, 489776]
[20059955, 20071411, 394690, 720013]
[20059955, 20071411, 394690, 720013, 0]
[20059955, 20071411, 394690, 720013, 0]
[20059955, 20071411, 394690, 720013, 0]
[20059955, 20071411, 394690, 720013, 0]
[20059955, 20071411, 394690, 720013, 0, 0]
[20059955, 20071411, 394690, 720013, 0, 0]
[20059955, 20071411, 394690, 720013, 0, 0]
[20059955, 20071411, 394690, 720013, 0, 0]
[20059955, 20071411, 394690, 720013, 0, 0]
[20059955, 20071411, 394690, 720013, 0, 0]
[20059955, 20071411, 394690, 720013, 0, 0]
[20059955, 20071411, 394690, 720013, 0, 0, 0]
[20059955, 20071411, 394690, 720013, 0, 0, 0]
[20059955, 20071411, 394690, 720013, 0, 0, 0]
[20059955, 20071411, 394690, 720013, 0, 0, 0]
[20059955, 20071411, 394690, 720013, 0, 0, 0, 0]
[20059955, 20071411, 394690, 720013, 0, 0, 0, 0]
[20059955, 20071411, 394690, 720013, 0, 0, 0, 154657]
[20059955, 20071411, 394690, 720013, 0, 0, 0, 154657]
[20059955, 20071411, 394690, 720013, 0, 0, 0, 383586]
[20059955, 20071411, 394690, 720013, 0, 0, 0, 383586]
[20059955, 20071411, 394690, 720013, 0, 0, 0, 617802]
[20059955, 20071411, 394690, 720013, 0, 0, 0, 617802, 0]
[20059955, 20071411, 394690, 720013, 0, 0, 0, 617802, 0]
[20059955, 20071411, 394690, 720013, 0, 0, 0, 617802, 51204]
[20111159, 20122615, 445894, 771217, 51204, 51204, 51204, 669006]
[20111159, 20122615, 445894, 771217, 51204, 51204, 51204, 669006, 0]
[20111159, 20122615, 445894, 771217, 51204, 51204, 51204, 669006, 0]
[20111159, 20122615, 445894, 771217, 51204, 51204, 51204, 669006, 64928]
[20176087, 20187543, 510822, 836145, 116132, 116132, 116132, 733934]
[20910021, 20921477, 1244756, 1570079, 850066, 850066, 850066]
[20910021, 20921477, 1244756, 1570079, 850066, 850066, 850066, 0]
[20910021, 20921477, 1244756, 1570079, 850066, 850066, 850066, 0]
[20910021, 20921477, 1244756, 1570079, 850066, 850066, 850066, 61867]
[20971888, 20983344, 1306623, 1631946, 911933, 911933, 911933]
[21883821, 21895277, 2218556, 2543879, 1823866, 1823866]
[21883821, 21895277, 2218556, 2543879, 1823866, 1823866, 0]
[21883821, 21895277, 2218556, 2543879, 1823866, 1823866, 0]
[21883821, 21895277, 2218556, 2543879, 1823866, 1823866, 92462]
[21883821, 21895277, 2218556, 2543879, 1823866, 1823866, 331904]
[22215725, 22227181, 2550460, 2875783, 2155770, 2155770]
[22215725, 22227181, 2550460, 2875783, 2155770, 2155770, 0]
[22215725, 22227181, 2550460, 2875783, 2155770, 2155770, 0]
[22215725, 22227181, 2550460, 2875783, 2155770, 2155770, 144464]
[22215725, 22227181, 2550460, 2875783, 2155770, 2155770, 144464]
[22215725, 22227181, 2550460, 2875783, 2155770, 2155770, 262964]
[22215725, 22227181, 2550460, 2875783, 2155770, 2155770, 262964, 0]
[22215725, 22227181, 2550460, 2875783, 2155770, 2155770, 262964, 0]
[22215725, 22227181, 2550460, 2875783, 2155770, 2155770, 262964, 173783]
[22215725, 22227181, 2550460, 2875783, 2155770, 2155770, 262964, 276871]
[22215725, 22227181, 2550460, 2875783, 2155770, 2155770, 262964, 316203]
[22215725, 22227181, 2550460, 2875783, 2155770, 2155770, 262964, 583150]
[22798875, 22810331, 3133610, 3458933, 2738920, 2738920, 846114]
[23644989, 23656445, 3979724, 4305047, 3585034, 3585034]
[23644989, 23656445, 3979724, 4305047, 3585034, 3585034, 0]
[23644989, 23656445, 3979724, 4305047, 3585034, 3585034, 0]
[23644989, 23656445, 3979724, 4305047, 3585034, 3585034, 11155]
[23656144, 23667600, 3990879, 4316202, 3596189, 3596189]
[23656144, 23667600, 3990879, 4316202, 3596189, 3596189, 0]
[23656144, 23667600, 3990879, 4316202, 3596189, 3596189, 0]
[23656144, 23667600, 3990879, 4316202, 3596189, 3596189, 192414]
[23848558, 23860014, 4183293, 4508616, 3788603, 3788603]
[27637161, 27648617, 7971896, 8297219, 7577206]
[27637161, 27648617, 7971896, 8297219, 7577206, 0]
[27637161, 27648617, 7971896, 8297219, 7577206, 0]
[27637161, 27648617, 7971896, 8297219, 7577206, 313009]
[27950170, 27961626, 8284905, 8610228, 7890215]
[35840385, 35851841, 16175120, 16500443]
[35840385, 35851841, 16175120, 16500443, 0]
[35840385, 35851841, 16175120, 16500443, 0]
[35840385, 35851841, 16175120, 16500443, 280535]
[35840385, 35851841, 16175120, 16500443, 550260]
[36390645, 36402101, 16725380, 17050703]
[36390645, 36402101, 16725380, 17050703, 0]
[36390645, 36402101, 16725380, 17050703, 0]
[36390645, 36402101, 16725380, 17050703, 105150]
[36390645, 36402101, 16725380, 17050703, 247651]
[36638296, 36649752, 16973031, 17298354]
[53936650, 53948106, 34271385]
[53936650, 53948106, 34271385, 0]
[53936650, 53948106, 34271385, 0]
[53936650, 53948106, 34271385, 0]
[53936650, 53948106, 34271385, 0]
[53936650, 53948106, 34271385, 259357]
[53936650, 53948106, 34271385, 259357, 0]
[53936650, 53948106, 34271385, 259357, 0]
[53936650, 53948106, 34271385, 259357, 5264]
[53941914, 53953370, 34276649, 264621]
[53941914, 53953370, 34276649, 264621, 0]
[53941914, 53953370, 34276649, 264621, 0]
[53941914, 53953370, 34276649, 264621, 141657]
[53941914, 53953370, 34276649, 264621, 157307]
[53941914, 53953370, 34276649, 264621, 157307]
[53941914, 53953370, 34276649, 264621, 339407]
[53941914, 53953370, 34276649, 264621, 641739]
[53941914, 53953370, 34276649, 264621, 886538]
[53941914, 53953370, 34276649, 264621, 886538]
[53941914, 53953370, 34276649, 264621, 886538, 0]
[53941914, 53953370, 34276649, 264621, 886538, 0]
[53941914, 53953370, 34276649, 264621, 886538, 0]
[53941914, 53953370, 34276649, 264621, 886538, 207207]
[53941914, 53953370, 34276649, 264621, 886538, 207207, 0]
[53941914, 53953370, 34276649, 264621, 886538, 207207, 0]
[53941914, 53953370, 34276649, 264621, 886538, 207207, 271143]
[54213057, 54224513, 34547792, 535764, 1157681, 478350]
[54691407, 54702863, 35026142, 1014114, 1636031]
[54691407, 54702863, 35026142, 1014114, 1636031, 0]
[54691407, 54702863, 35026142, 1014114, 1636031, 0]
[54691407, 54702863, 35026142, 1014114, 1636031, 64128]
[54755535, 54766991, 35090270, 1078242, 1700159]
[56455694, 56467150, 36790429, 2778401]
[59234095, 59245551, 39568830]
[98802925, 98814381]
[98802925, 98814381, 0]
[98802925, 98814381, 0]
[98802925, 98814381, 187526]
[98990451, 99001907]
[98990451, 99001907, 0]
[98990451, 99001907, 0]
[98990451, 99001907, 0]
[98990451, 99001907, 0]
[98990451, 99001907, 270995]
[98990451, 99001907, 408471]
[98990451, 99001907, 408471, 0]
[98990451, 99001907, 408471, 0]
[98990451, 99001907, 408471, 250912]
[99241363, 99252819, 659383]
[99241363, 99252819, 659383, 0]
[99241363, 99252819, 659383, 0]
[99241363, 99252819, 659383, 229272]
[99241363, 99252819, 659383, 229272]
[99241363, 99252819, 659383, 399915]
[99241363, 99252819, 659383, 399915, 0]
[99241363, 99252819, 659383, 399915, 0]
[99241363, 99252819, 659383, 399915, 0]
[99241363, 99252819, 659383, 399915, 0, 0]
[99241363, 99252819, 659383, 399915, 0, 0]
[99241363, 99252819, 659383, 399915, 0, 9998]
[99251361, 99262817, 669381, 409913, 9998]
[99261359, 99272815, 679379, 419911]
[99681270, 99692726, 1099290]
[100780560, 100792016]
[100780560, 100792016, 0]
[100780560, 100792016, 0]
[100780560, 100792016, 109025]
[100889585, 100901041]
[201790626]
[201790626, 0]
[201790626, 0]
[201790626, 0]
[201790626, 0]
[201790626, 0]
[201790626, 22306]
[201790626, 212626]
[201790626, 212626]
[201790626, 508302]
[201790626, 643327]
[201790626, 643327]
[201790626, 643327]
[201790626, 643327]
[201790626, 891091]
[201790626, 891091]
[201790626, 891091, 0]
[201790626, 891091, 0]
[201790626, 891091, 0]
[201790626, 891091, 0, 0]
[201790626, 891091, 0, 0]
[201790626, 891091, 0, 0]
[201790626, 891091, 0, 0, 0]
[201790626, 891091, 0, 0, 0]
[201790626, 891091, 0, 0, 0]
[201790626, 891091, 0, 0, 248465]
[201790626, 891091, 0, 0, 248465, 0]
[201790626, 891091, 0, 0, 248465, 0]
[201790626, 891091, 0, 0, 248465, 252517]
[202043143, 1143608, 252517, 252517, 500982]
[202544125, 1644590, 753499, 753499]
[203297624, 2398089, 1506998]
[204804622, 3905087]
[204804622, 3905087, 0]
[204804622, 3905087, 0]
[204804622, 3905087, 0]
[204804622, 3905087, 0]
[204804622, 3905087, 303052]
[204804622, 3905087, 380290]
[204804622, 3905087, 380290]
[204804622, 3905087, 618973]
[204804622, 3905087, 618973]
[204804622, 3905087, 618973, 0]
[204804622, 3905087, 618973, 0]
[204804622, 3905087, 618973, 8600]
[204813222, 3913687, 627573]
[204813222, 3913687, 627573, 0]
[204813222, 3913687, 627573, 0]
[204813222, 3913687, 627573, 0]
[204813222, 3913687, 627573, 0]
[204813222, 3913687, 627573, 0, 0]
[204813222, 3913687, 627573, 0, 0]
[204813222, 3913687, 627573, 0, 237925]
[204813222, 3913687, 627573, 0, 237925]
[204813222, 3913687, 627573, 0, 237925]
[204813222, 3913687, 627573, 0, 237925]
[204813222, 3913687, 627573, 0, 552586]
[204813222, 3913687, 627573, 0, 552586, 0]
[204813222, 3913687, 627573, 0, 552586, 0]
[204813222, 3913687, 627573, 0, 552586, 280081]
[204813222, 3913687, 627573, 0, 552586, 368529]
[205181751, 4282216, 996102, 368529, 921115]
[205181751, 4282216, 996102, 368529, 921115, 0]
[205181751, 4282216, 996102, 368529, 921115, 0]
[205181751, 4282216, 996102, 368529, 921115, 256877]
[205181751, 4282216, 996102, 368529, 921115, 384855]
[205181751, 4282216, 996102, 368529, 921115, 488529]
[205670280, 4770745, 1484631, 857058, 1409644]
[205670280, 4770745, 1484631, 857058, 1409644, 0]
[205670280, 4770745, 1484631, 857058, 1409644, 0]
[205670280, 4770745, 1484631, 857058, 1409644, 191709]
[205861989, 4962454, 1676340, 1048767, 1601353]
[207463342, 6563807, 3277693, 2650120]
[207463342, 6563807, 3277693, 2650120, 0]
[207463342, 6563807, 3277693, 2650120, 0]
[207463342, 6563807, 3277693, 2650120, 0]
[207463342, 6563807, 3277693, 2650120, 0, 0]
[207463342, 6563807, 3277693, 2650120, 0, 0]
[207463342, 6563807, 3277693, 2650120, 0, 281036]
[207463342, 6563807, 3277693, 2650120, 0, 281036]
[207463342, 6563807, 3277693, 2650120, 0, 281036]
[207463342, 6563807, 3277693, 2650120, 0, 526118]
[207463342, 6563807, 3277693, 2650120, 0, 526118, 0]
[207463342, 6563807, 3277693, 2650120, 0, 526118, 0]
[207463342, 6563807, 3277693, 2650120, 0, 526118, 0]
[207463342, 6563807, 3277693, 2650120, 0, 526118, 0, 0]
[207463342, 6563807, 3277693, 2650120, 0, 526118, 0, 0]
[207463342, 6563807, 3277693, 2650120, 0, 526118, 0, 41234]
[207463342, 6563807, 3277693, 2650120, 0, 526118, 0, 274776]
[207738118, 6838583, 3552469, 2924896, 274776, 800894, 274776]
[208012894, 7113359, 3827245, 3199672, 549552, 1075670]
[208012894, 7113359, 3827245, 3199672, 549552, 1075670, 0]
[208012894, 7113359, 3827245, 3199672, 549552, 1075670, 0]
[208012894, 7113359, 3827245, 3199672, 549552, 1075670, 221327]
[208234221, 7334686, 4048572, 3420999, 770879, 1296997]
[209531218, 8631683, 5345569, 4717996, 2067876]
[211599094, 10699559, 7413445, 6785872]
[218384966, 17485431, 14199317]
[218384966, 17485431, 14199317, 0]
[218384966, 17485431, 14199317, 0]
[218384966, 17485431, 14199317, 0]
[218384966, 17485431, 14199317, 176153]
[218384966, 17485431, 14199317, 176153]
[218384966, 17485431, 14199317, 176153]
[218384966, 17485431, 14199317, 176153]
[218384966, 17485431, 14199317, 176153, 0]
[218384966, 17485431, 14199317, 176153, 0]
[218384966, 17485431, 14199317, 176153, 161179]
[218546145, 17646610, 14360496, 337332]
[218546145, 17646610, 14360496, 337332, 0]
[218546145, 17646610, 14360496, 337332, 0]
[218546145, 17646610, 14360496, 337332, 0]
[218546145, 17646610, 14360496, 337332, 0]
[218546145, 17646610, 14360496, 337332, 0]
[218546145, 17646610, 14360496, 337332, 0, 0]
[218546145, 17646610, 14360496, 337332, 0, 0]
[218546145, 17646610, 14360496, 337332, 0, 176043]
[218722188, 17822653, 14536539, 513375, 176043]
[218722188, 17822653, 14536539, 513375, 176043, 0]
[218722188, 17822653, 14536539, 513375, 176043, 0]
[218722188, 17822653, 14536539, 513375, 176043, 0]
[218722188, 17822653, 14536539, 513375, 176043, 0, 0]
[218722188, 17822653, 14536539, 513375, 176043, 0, 0]
[218722188, 17822653, 14536539, 513375, 176043, 0, 114477]
[218836665, 17937130, 14651016, 627852, 290520, 114477]
[218951142, 18051607, 14765493, 742329, 404997]
[218951142, 18051607, 14765493, 742329, 404997, 0]
[218951142, 18051607, 14765493, 742329, 404997, 0]
[218951142, 18051607, 14765493, 742329, 404997, 74809]
[219025951, 18126416, 14840302, 817138, 479806]
[219505757, 18606222, 15320108, 1296944]
[219505757, 18606222, 15320108, 1296944, 0]
[219505757, 18606222, 15320108, 1296944, 0]
[219505757, 18606222, 15320108, 1296944, 252001]
[219505757, 18606222, 15320108, 1296944, 301667]
[219505757, 18606222, 15320108, 1296944, 441552]
[219505757, 18606222, 15320108, 1296944, 557891]
[220063648, 19164113, 15877999, 1854835]
[220063648, 19164113, 15877999, 1854835, 0]
[220063648, 19164113, 15877999, 1854835, 0]
[220063648, 19164113, 15877999, 1854835, 89397]
[220063648, 19164113, 15877999, 1854835, 194851]
[220063648, 19164113, 15877999, 1854835, 475203]
[220538851, 19639316, 16353202, 2330038]
[222868889, 21969354, 18683240]
[222868889, 21969354, 18683240, 0]
[222868889, 21969354, 18683240, 0]
[222868889, 21969354, 18683240, 0]
[222868889, 21969354, 18683240, 8676]
[222868889, 21969354, 18683240, 108561]
[222868889, 21969354, 18683240, 343124]
[222868889, 21969354, 18683240, 343124]
[222868889, 21969354, 18683240, 343124, 0]
[222868889, 21969354, 18683240, 343124, 0]
[222868889, 21969354, 18683240, 343124, 71695]
[222868889, 21969354, 18683240, 343124, 368096]
[223236985, 22337450, 19051336, 711220]
[223236985, 22337450, 19051336, 711220, 0]
[223236985, 22337450, 19051336, 711220, 0]
[223236985, 22337450, 19051336, 711220, 41623]
[223236985, 22337450, 19051336, 711220, 275370]
[223512355, 22612820, 19326706, 986590]
[224498945, 23599410, 20313296]
[244812241, 43912706]
[244812241, 43912706, 0]
[244812241, 43912706, 0]
[244812241, 43912706, 96594]
[244812241, 43912706, 342009]
[244812241, 43912706, 471791]
[244812241, 43912706, 779895]
[244812241, 43912706, 779895]
[244812241, 43912706, 935004]
[244812241, 43912706, 935004]
[244812241, 43912706, 935004, 0]
[244812241, 43912706, 935004, 0]
[244812241, 43912706, 935004, 0]
[244812241, 43912706, 935004, 292228]
[244812241, 43912706, 935004, 399733]
[244812241, 43912706, 935004, 581117]
[244812241, 43912706, 935004, 581117, 0]
[244812241, 43912706, 935004, 581117, 0]
[244812241, 43912706, 935004, 581117, 84648]
[244812241, 43912706, 935004, 581117, 256105]
[245068346, 44168811, 1191109, 837222]
[245905568, 45006033, 2028331]
[245905568, 45006033, 2028331, 0]
[245905568, 45006033, 2028331, 0]
[245905568, 45006033, 2028331, 0]
[245905568, 45006033, 2028331, 147437]
[245905568, 45006033, 2028331, 147437]
[245905568, 45006033, 2028331, 344491]
[245905568, 45006033, 2028331, 344491]
[245905568, 45006033, 2028331, 344491]
[245905568, 45006033, 2028331, 344491, 0]
[245905568, 45006033, 2028331, 344491, 0]
[245905568, 45006033, 2028331, 344491, 297401]
[245905568, 45006033, 2028331, 344491, 433473]
[246339041, 45439506, 2461804, 777964]
[246339041, 45439506, 2461804, 777964, 0]
[246339041, 45439506, 2461804, 777964, 0]
[246339041, 45439506, 2461804, 777964, 293104]
[246632145, 45732610, 2754908, 1071068]
[246632145, 45732610, 2754908, 1071068, 0]
[246632145, 45732610, 2754908, 1071068, 0]
[246632145, 45732610, 2754908, 1071068, 178932]
[246811077, 45911542, 2933840, 1250000]
[246811077, 45911542, 2933840, 1250000, 0]
[246811077, 45911542, 2933840, 1250000, 0]
[246811077, 45911542, 2933840, 1250000, 0]
[246811077, 45911542, 2933840, 1250000, 0]
[246811077, 45911542, 2933840, 1250000, 88822]
[246811077, 45911542, 2933840, 1250000, 344598]
[246811077, 45911542, 2933840, 1250000, 508099]
[246811077, 45911542, 2933840, 1250000, 508099]
[246811077, 45911542, 2933840, 1250000, 508099]
[246811077, 45911542, 2933840, 1250000, 508099]
[246811077, 45911542, 2933840, 1250000, 508099, 0]
[246811077, 45911542, 2933840, 1250000, 508099, 0]
[246811077, 45911542, 2933840, 1250000, 508099, 45608]
[246811077, 45911542, 2933840, 1250000, 508099, 210256]
[246811077, 45911542, 2933840, 1250000, 508099, 275481]
[247086558, 46187023, 3209321, 1525481, 783580]
[247086558, 46187023, 3209321, 1525481, 783580, 0]
[247086558, 46187023, 3209321, 1525481, 783580, 0]
[247086558, 46187023, 3209321, 1525481, 783580, 125627]
[247212185, 46312650, 3334948, 1651108, 909207]
[247212185, 46312650, 3334948, 1651108, 909207, 0]
[247212185, 46312650, 3334948, 1651108, 909207, 0]
[247212185, 46312650, 3334948, 1651108, 909207, 236951]
[247449136, 46549601, 3571899, 1888059, 1146158]
[247449136, 46549601, 3571899, 1888059, 1146158, 0]
[247449136, 46549601, 3571899, 1888059, 1146158, 0]
[247449136, 46549601, 3571899, 1888059, 1146158, 234565]
[247449136, 46549601, 3571899, 1888059, 1146158, 489551]
[247449136, 46549601, 3571899, 1888059, 1146158, 654046]
[247449136, 46549601, 3571899, 1888059, 1146158, 654046]
[247449136, 46549601, 3571899, 1888059, 1146158, 654046, 0]
[247449136, 46549601, 3571899, 1888059, 1146158, 654046, 0]
[247449136, 46549601, 3571899, 1888059, 1146158, 654046, 199196]
[247648332, 46748797, 3771095, 2087255, 1345354, 853242]
[248501574, 47602039, 4624337, 2940497, 2198596]
[248501574, 47602039, 4624337, 2940497, 2198596, 0]
[248501574, 47602039, 4624337, 2940497, 2198596, 0]
[248501574, 47602039, 4624337, 2940497, 2198596, 123210]
[248501574, 47602039, 4624337, 2940497, 2198596, 264373]
[248501574, 47602039, 4624337, 2940497, 2198596, 566725]
[248501574, 47602039, 4624337, 2940497, 2198596, 658741]
[249160315, 48260780, 5283078, 3599238, 2857337]
[252017652, 51118117, 8140415, 6456575]
[258474227, 57574692, 14596990]
[273071217, 72171682]
[273071217, 72171682, 0]
[273071217, 72171682, 0]
[273071217, 72171682, 282867]
[273354084, 72454549]
[273354084, 72454549, 0]
[273354084, 72454549, 0]
[273354084, 72454549, 40866]
[273394950, 72495415]
[273394950, 72495415, 0]
[273394950, 72495415, 0]
[273394950, 72495415, 19577]
[273394950, 72495415, 40748]
[273394950, 72495415, 176822]
[273394950, 72495415, 389250]
[273394950, 72495415, 389250]
[273394950, 72495415, 663919]
[273394950, 72495415, 663919]
[273394950, 72495415, 663919, 0]
[273394950, 72495415, 663919, 0]
[273394950, 72495415, 663919, 183301]
[273394950, 72495415, 663919, 267370]
[273394950, 72495415, 663919, 267370]
[273394950, 72495415, 663919, 267370]
[273394950, 72495415, 663919, 393997]
[273394950, 72495415, 663919, 393997]
[273394950, 72495415, 663919, 441591]
[273394950, 72495415, 663919, 596569]
[273394950, 72495415, 663919, 596569, 0]
[273394950, 72495415, 663919, 596569, 0]
[273394950, 72495415, 663919, 596569, 50385]
[273394950, 72495415, 663919, 596569, 72812]
[273467762, 72568227, 736731, 669381]
[273467762, 72568227, 736731, 669381, 0]
[273467762, 72568227, 736731, 669381, 0]
[273467762, 72568227, 736731, 669381, 0]
[273467762, 72568227, 736731, 669381, 224013]
[273467762, 72568227, 736731, 669381, 345897]
[273467762, 72568227, 736731, 669381, 345897]
[273467762, 72568227, 736731, 669381, 488847]
[273467762, 72568227, 736731, 669381, 498557]
[273467762, 72568227, 736731, 669381, 498557]
[273467762, 72568227, 736731, 669381, 498557, 0]
[273467762, 72568227, 736731, 669381, 498557, 0]
[273467762, 72568227, 736731, 669381, 498557, 292349]
[273760111, 72860576, 1029080, 961730, 790906]
[273760111, 72860576, 1029080, 961730, 790906, 0]
[273760111, 72860576, 1029080, 961730, 790906, 0]
[273760111, 72860576, 1029080, 961730, 790906, 52703]
[273760111, 72860576, 1029080, 961730, 790906, 130971]
[273891082, 72991547, 1160051, 1092701, 921877]
[273891082, 72991547, 1160051, 1092701, 921877, 0]
[273891082, 72991547, 1160051, 1092701, 921877, 0]
[273891082, 72991547, 1160051, 1092701, 921877, 274549]
[274165631, 73266096, 1434600, 1367250, 1196426]
[275362057, 74462522, 2631026, 2563676]
[275362057, 74462522, 2631026, 2563676, 0]
[275362057, 74462522, 2631026, 2563676, 0]
[275362057, 74462522, 2631026, 2563676, 257967]
[275362057, 74462522, 2631026, 2563676, 424417]
[275786474, 74886939, 3055443, 2988093]
[278774567, 77875032, 6043536]
[278774567, 77875032, 6043536, 0]
[278774567, 77875032, 6043536, 0]
[278774567, 77875032, 6043536, 173437]
[278948004, 78048469, 6216973]
[285164977, 84265442]
[285164977, 84265442, 0]
[285164977, 84265442, 0]
[285164977, 84265442, 29192]
[285164977, 84265442, 48176]
[285164977, 84265442, 350477]
[285164977, 84265442, 641688]
[285806665, 84907130]
[285806665, 84907130, 0]
[285806665, 84907130, 0]
[285806665, 84907130, 0]
[285806665, 84907130, 0, 0]
[285806665, 84907130, 0, 0]
[285806665, 84907130, 0, 76864]
[285806665, 84907130, 0, 103229]
[285806665, 84907130, 0, 289195]
[286095860, 85196325, 289195]
[286385055, 85485520]
[371870575]
[371870575, 0]
[371870575, 0]
[371870575, 211239]
[371870575, 441259]
[371870575, 550900]
[372421475]
[372421475, 0]
[372421475, 0]
[372421475, 0]
[372421475, 286054]
[372421475, 546885]
[372421475, 546885]
[372421475, 546885, 0]
[372421475, 546885, 0]
[372421475, 546885, 92277]
[372421475, 546885, 92277]
[372421475, 546885, 92277]
[372421475, 546885, 92277, 0]
[372421475, 546885, 92277, 0]
[372421475, 546885, 92277, 105833]
[372421475, 546885, 92277, 421691]
[372421475, 546885, 92277, 655150]
[373076625, 1202035, 747427]
[373076625, 1202035, 747427, 0]
[373076625, 1202035, 747427, 0]
[373076625, 1202035, 747427, 0]
[373076625, 1202035, 747427, 0]
[373076625, 1202035, 747427, 0, 0]
[373076625, 1202035, 747427, 0, 0]
[373076625, 1202035, 747427, 0, 151003]
[373227628, 1353038, 898430, 151003]
[373227628, 1353038, 898430, 151003, 0]
[373227628, 1353038, 898430, 151003, 0]
[373227628, 1353038, 898430, 151003, 103688]
[373331316, 1456726, 1002118, 254691]
[373586007, 1711417, 1256809]
[374842816, 2968226]
[374842816, 2968226, 0]
[374842816, 2968226, 0]
[374842816, 2968226, 14901]
[374842816, 2968226, 113113]
[374955929, 3081339]
[378037268]
[378037268, 0]
[378037268, 0]
[378037268, 0]
[378037268, 0, 0]
[378037268, 0, 0]
[378037268, 0, 0]
[378037268, 0, 0, 0]
[378037268, 0, 0, 0]
[378037268, 0, 0, 0]
[378037268, 0, 0, 0, 0]
[378037268, 0, 0, 0, 0]
[378037268, 0, 0, 0, 134280]
[378171548, 134280, 134280, 134280]
[378305828, 268560, 268560]
[378574388, 537120]
[379111508]
[379111508, 0]
[379111508, 0]
[379111508, 0]
[379111508, 0]
[379111508, 62389]
[379111508, 62389]
[379111508, 62389]
[379111508, 69132]
[379111508, 69132]
[379111508, 69132]
[379111508, 69132]
[379111508, 69132]
[379111508, 69132]
[379111508, 69132, 0]
[379111508, 69132, 0]
[379111508, 69132, 213688]
[379111508, 69132, 213688]
[379111508, 69132, 313910]
[379111508, 69132, 429537]
[379111508, 69132, 429537]
[379111508, 69132, 688209]
[379111508, 69132, 852136]
[379111508, 69132, 852136, 0]
[379111508, 69132, 852136, 0]
[379111508, 69132, 852136, 224836]
[379111508, 69132, 852136, 328642]
[379440150, 397774, 1180778]
[379440150, 397774, 1180778, 0]
[379440150, 397774, 1180778, 0]
[379440150, 397774, 1180778, 76900]
[379440150, 397774, 1180778, 359720]
[379799870, 757494, 1540498]
[381340368, 2297992]
[381340368, 2297992, 0]
[381340368, 2297992, 0]
[381340368, 2297992, 0]
[381340368, 2297992, 12089]
[381340368, 2297992, 50141]
[381340368, 2297992, 50141]
[381340368, 2297992, 50141, 0]
[381340368, 2297992, 50141, 0]
[381340368, 2297992, 50141, 172788]
[381513156, 2470780, 222929]
[381513156, 2470780, 222929, 0]
[381513156, 2470780, 222929, 0]
[381513156, 2470780, 222929, 0]
[381513156, 2470780, 222929, 0]
[381513156, 2470780, 222929, 0]
[381513156, 2470780, 222929, 0, 0]
[381513156, 2470780, 222929, 0, 0]
[381513156, 2470780, 222929, 0, 108342]
[381621498, 2579122, 331271, 108342]
[381621498, 2579122, 331271, 108342, 0]
[381621498, 2579122, 331271, 108342, 0]
[381621498, 2579122, 331271, 108342, 0]
[381621498, 2579122, 331271, 108342, 0]
[381621498, 2579122, 331271, 108342, 0, 0]
[381621498, 2579122, 331271, 108342, 0, 0]
[381621498, 2579122, 331271, 108342, 0, 182498]
[381621498, 2579122, 331271, 108342, 0, 182498]
[381621498, 2579122, 331271, 108342, 0, 196726]
[381621498, 2579122, 331271, 108342, 0, 196726]
[381621498, 2579122, 331271, 108342, 0, 196726, 0]
[381621498, 2579122, 331271, 108342, 0, 196726, 0]
[381621498, 2579122, 331271, 108342, 0, 196726, 0]
[381621498, 2579122, 331271, 108342, 0, 196726, 0, 0]
[381621498, 2579122, 331271, 108342, 0, 196726, 0, 0]
[381621498, 2579122, 331271, 108342, 0, 196726, 0, 18316]
[381639814, 2597438, 349587, 126658, 18316, 215042, 18316]
[381658130, 2615754, 367903, 144974, 36632, 233358]
[381658130, 2615754, 367903, 144974, 36632, 233358, 0]
[381658130, 2615754, 367903, 144974, 36632, 233358, 0]
[381658130, 2615754, 367903, 144974, 36632, 233358, 110236]
[381768366, 2725990, 478139, 255210, 146868, 343594]
[382111960, 3069584, 821733, 598804, 490462]
[382111960, 3069584, 821733, 598804, 490462, 0]
[382111960, 3069584, 821733, 598804, 490462, 0]
[382111960, 3069584, 821733, 598804, 490462, 133009]
[382111960, 3069584, 821733, 598804, 490462, 448916]
[382560876, 3518500, 1270649, 1047720, 939378]
[383500254, 4457878, 2210027, 1987098]
[383500254, 4457878, 2210027, 1987098, 0]
[383500254, 4457878, 2210027, 1987098, 0]
[383500254, 4457878, 2210027, 1987098, 0]
[383500254, 4457878, 2210027, 1987098, 0]
[383500254, 4457878, 2210027, 1987098, 0]
[383500254, 4457878, 2210027, 1987098, 274977]
[383500254, 4457878, 2210027, 1987098, 274977]
[383500254, 4457878, 2210027, 1987098, 274977]
[383500254, 4457878, 2210027, 1987098, 274977, 0]
[383500254, 4457878, 2210027, 1987098, 274977, 0]
[383500254, 4457878, 2210027, 1987098, 274977, 39153]
[383539407, 4497031, 2249180, 2026251, 314130]
[383539407, 4497031, 2249180, 2026251, 314130, 0]
[383539407, 4497031, 2249180, 2026251, 314130, 0]
[383539407, 4497031, 2249180, 2026251, 314130, 60625]
[383600032, 4557656, 2309805, 2086876, 374755]
[383600032, 4557656, 2309805, 2086876, 374755, 0]
[383600032, 4557656, 2309805, 2086876, 374755, 0]
[383600032, 4557656, 2309805, 2086876, 374755, 36016]
[383636048, 4593672, 2345821, 2122892, 410771]
[383636048, 4593672, 2345821, 2122892, 410771, 0]
[383636048, 4593672, 2345821, 2122892, 410771, 0]
[383636048, 4593672, 2345821, 2122892, 410771, 56601]
[383636048, 4593672, 2345821, 2122892, 410771, 56601]
[383636048, 4593672, 2345821, 2122892, 410771, 56601]
[383636048, 4593672, 2345821, 2122892, 410771, 56601, 0]
[383636048, 4593672, 2345821, 2122892, 410771, 56601, 0]
[383636048, 4593672, 2345821, 2122892, 410771, 56601, 241511]
[383636048, 4593672, 2345821, 2122892, 410771, 56601, 528016]
[384164064, 5121688, 2873837, 2650908, 938787, 584617]
[384164064, 5121688, 2873837, 2650908, 938787, 584617, 0]
[384164064, 5121688, 2873837, 2650908, 938787, 584617, 0]
[384164064, 5121688, 2873837, 2650908, 938787, 584617, 157880]
[384321944, 5279568, 3031717, 2808788, 1096667, 742497]
[385064441, 6022065, 3774214, 3551285, 1839164]
[385064441, 6022065, 3774214, 3551285, 1839164, 0]
[385064441, 6022065, 3774214, 3551285, 1839164, 0]
[385064441, 6022065, 3774214, 3551285, 1839164, 121507]
[385064441, 6022065, 3774214, 3551285, 1839164, 417404]
[385064441, 6022065, 3774214, 3551285, 1839164, 429451]
[385493892, 6451516, 4203665, 3980736, 2268615]
[387762507, 8720131, 6472280, 6249351]
[394011858, 14969482, 12721631]
[406733489, 27691113]
[406733489, 27691113, 0]
[406733489, 27691113, 0]
[406733489, 27691113, 157818]
[406733489, 27691113, 276921]
[406733489, 27691113, 418384]
[406733489, 27691113, 616284]
[406733489, 27691113, 616284]
[406733489, 27691113, 616284]
[406733489, 27691113, 791313]
[406733489, 27691113, 791313, 0]
[406733489, 27691113, 791313, 0]
[406733489, 27691113, 791313, 0]
[406733489, 27691113, 791313, 0]
[406733489, 27691113, 791313, 131432]
[406733489, 27691113, 791313, 131432]
[406733489, 27691113, 791313, 229559]
[406733489, 27691113, 791313, 229559]
[406733489, 27691113, 791313, 229559]
[406733489, 27691113, 791313, 238738]
[406733489, 27691113, 791313, 360048]
[406733489, 27691113, 791313, 360048, 0]
[406733489, 27691113, 791313, 360048, 0]
[406733489, 27691113, 791313, 360048, 173921]
[406733489, 27691113, 791313, 360048, 232575]
[406966064, 27923688, 1023888, 592623]
[406966064, 27923688, 1023888, 592623, 0]
[406966064, 27923688, 1023888, 592623, 0]
[406966064, 27923688, 1023888, 592623, 285116]
[407251180, 28208804, 1309004, 877739]
[407251180, 28208804, 1309004, 877739, 0]
[407251180, 28208804, 1309004, 877739, 0]
[407251180, 28208804, 1309004, 877739, 104478]
[407251180, 28208804, 1309004, 877739, 404100]
[407251180, 28208804, 1309004, 877739, 705336]
[407251180, 28208804, 1309004, 877739, 705336]
[407251180, 28208804, 1309004, 877739, 842073]
[407251180, 28208804, 1309004, 877739, 842073]
[407251180, 28208804, 1309004, 877739, 855005]
[407251180, 28208804, 1309004, 877739, 855005, 0]
[407251180, 28208804, 1309004, 877739, 855005, 0]
[407251180, 28208804, 1309004, 877739, 855005, 111712]
[407251180, 28208804, 1309004, 877739, 855005, 325305]
[407576485, 28534109, 1634309, 1203044, 1180310]
[407576485, 28534109, 1634309, 1203044, 1180310, 0]
[407576485, 28534109, 1634309, 1203044, 1180310, 0]
[407576485, 28534109, 1634309, 1203044, 1180310, 104275]
[407680760, 28638384, 1738584, 1307319, 1284585]
[408965345, 29922969, 3023169, 2591904]
[408965345, 29922969, 3023169, 2591904, 0]
[408965345, 29922969, 3023169, 2591904, 0]
[408965345, 29922969, 3023169, 2591904, 180999]
[408965345, 29922969, 3023169, 2591904, 400818]
[409366163, 30323787, 3423987, 2992722]
[409366163, 30323787, 3423987, 2992722, 0]
[409366163, 30323787, 3423987, 2992722, 0]
[409366163, 30323787, 3423987, 2992722, 111715]
[409477878, 30435502, 3535702, 3104437]
[412582315, 33539939, 6640139]
[412582315, 33539939, 6640139, 0]
[412582315, 33539939, 6640139, 0]
[412582315, 33539939, 6640139, 0]
[412582315, 33539939, 6640139, 0]
[412582315, 33539939, 6640139, 0, 0]
[412582315, 33539939, 6640139, 0, 0]
[412582315, 33539939, 6640139, 0, 247668]
[412829983, 33787607, 6887807, 247668]
[412829983, 33787607, 6887807, 247668, 0]
[412829983, 33787607, 6887807, 247668, 0]
[412829983, 33787607, 6887807, 247668, 168090]
[412829983, 33787607, 6887807, 247668, 236450]
[412829983, 33787607, 6887807, 247668, 541030]
[413371013, 34328637, 7428837, 788698]
[414159711, 35117335, 8217535]
[422377246, 43334870]
[422377246, 43334870, 0]
[422377246, 43334870, 0]
[422377246, 43334870, 154794]
[422377246, 43334870, 154794]
[422377246, 43334870, 154794]
[422377246, 43334870, 154794]
[422377246, 43334870, 204904]
[422377246, 43334870, 204904]
[422377246, 43334870, 204904]
[422377246, 43334870, 204904, 0]
[422377246, 43334870, 204904, 0]
[422377246, 43334870, 204904, 0]
[422377246, 43334870, 204904, 0]
[422377246, 43334870, 204904, 0, 0]
[422377246, 43334870, 204904, 0, 0]
[422377246, 43334870, 204904, 0, 0]
[422377246, 43334870, 204904, 0, 0]
[422377246, 43334870, 204904, 0, 0]
[422377246, 43334870, 204904, 0, 0, 0]
[422377246, 43334870, 204904, 0, 0, 0]
[422377246, 43334870, 204904, 0, 0, 78188]
[422377246, 43334870, 204904, 0, 0, 272856]
[422650102, 43607726, 477760, 272856, 272856]
[422650102, 43607726, 477760, 272856, 272856, 0]
[422650102, 43607726, 477760, 272856, 272856, 0]
[422650102, 43607726, 477760, 272856, 272856, 75647]
[422650102, 43607726, 477760, 272856, 272856, 262298]
[422912400, 43870024, 740058, 535154, 535154]
[422912400, 43870024, 740058, 535154, 535154, 0]
[422912400, 43870024, 740058, 535154, 535154, 0]
[422912400, 43870024, 740058, 535154, 535154, 164920]
[423077320, 44034944, 904978, 700074, 700074]
[423777394, 44735018, 1605052, 1400148]
[423777394, 44735018, 1605052, 1400148, 0]
[423777394, 44735018, 1605052, 1400148, 0]
[423777394, 44735018, 1605052, 1400148, 289891]
[424067285, 45024909, 1894943, 1690039]
[425757324, 46714948, 3584982]
[425757324, 46714948, 3584982, 0]
[425757324, 46714948, 3584982, 0]
[425757324, 46714948, 3584982, 190002]
[425947326, 46904950, 3774984]
[425947326, 46904950, 3774984, 0]
[425947326, 46904950, 3774984, 0]
[425947326, 46904950, 3774984, 39093]
[425986419, 46944043, 3814077]
[425986419, 46944043, 3814077, 0]
[425986419, 46944043, 3814077, 0]
[425986419, 46944043, 3814077, 275854]
[426262273, 47219897, 4089931]
[426262273, 47219897, 4089931, 0]
[426262273, 47219897, 4089931, 0]
[426262273, 47219897, 4089931, 0]
[426262273, 47219897, 4089931, 203390]
[426262273, 47219897, 4089931, 203390, 0]
[426262273, 47219897, 4089931, 203390, 0]
[426262273, 47219897, 4089931, 203390, 0]
[426262273, 47219897, 4089931, 203390, 0, 0]
[426262273, 47219897, 4089931, 203390, 0, 0]
[426262273, 47219897, 4089931, 203390, 0, 0]
[426262273, 47219897, 4089931, 203390, 0, 0, 0]
[426262273, 47219897, 4089931, 203390, 0, 0, 0]
[426262273, 47219897, 4089931, 203390, 0, 0, 19102]
[426281375, 47238999, 4109033, 222492, 19102, 19102]
[426300477, 47258101, 4128135, 241594, 38204]
[426338681, 47296305, 4166339, 279798]
[426618479, 47576103, 4446137]
[431064616, 52022240]
[431064616, 52022240, 0]
[431064616, 52022240, 0]
[431064616, 52022240, 181610]
[431246226, 52203850]
[431246226, 52203850, 0]
[431246226, 52203850, 0]
[431246226, 52203850, 0]
[431246226, 52203850, 0, 0]
[431246226, 52203850, 0, 0]
[431246226, 52203850, 0, 28102]
[431246226, 52203850, 0, 332119]
[431578345, 52535969, 332119]
[431910464, 52868088]
[431910464, 52868088, 0]
[431910464, 52868088, 0]
[431910464, 52868088, 95079]
[432005543, 52963167]
[432005543, 52963167, 0]
[432005543, 52963167, 0]
[432005543, 52963167, 67931]
[432005543, 52963167, 89993]
[432005543, 52963167, 309278]
[432314821, 53272445]
[432314821, 53272445, 0]
[432314821, 53272445, 0]
[432314821, 53272445, 293736]
[432608557, 53566181]
[486174738]
[486174738, 0]
[486174738, 0]
[486174738, 26404]
[486201142]
[486201142, 0]
[486201142, 0]
[486201142, 0]
[486201142, 0]
[486201142, 0]
[486201142, 0]
[486201142, 0, 0]
[486201142, 0, 0]
[486201142, 0, 0]
[486201142, 0, 0, 0]
[486201142, 0, 0, 0]
[486201142, 0, 0, 189696]
[486390838, 189696, 189696]
[486580534, 379392]
[486580534, 379392, 0]
[486580534, 379392, 0]
[486580534, 379392, 143510]
[486724044, 522902]
[486724044, 522902, 0]
[486724044, 522902, 0]
[486724044, 522902, 276725]
[487000769, 799627]
[487000769, 799627, 0]
[487000769, 799627, 0]
[487000769, 799627, 202264]